25 22 6 0
11 -4 -3 0
16 2 -2 0
24 17 -2 0
17 -5 21 0
-7 -4 -10 0
-16 9 24 0
-14 -13 12 0
5 6 -2 0
-15 3 -10 0
2 -20 14 0
16 20 23 0
8 2 21 0
-8 -14 -2 0
4 -10 22 0
12 -4 7 0
24 17 23 0
3 -14 11 0
8 -6 -4 0
-5 4 -25 0
-17 15 23 0
24 -6 -11 0
-12 14 -17 0
5 21 -25 0
25 -14 -1 0
3 25 11 0
16 10 7 0
-25 13 -9 0
-24 22 -17 0
8 4 -1 0
-19 -2 -25 0
5 11 21 0
24 6 22 0
-24 -20 -25 0
-7 -11 5 0
-16 16 -13 0
9 -4 -25 0
10 12 7 0
20 14 -9 0
25 -5 -4 0
-20 -12 -9 0
24 -23 -15 0
12 -2 15 0
21 -19 -25 0
1 -21 22 0
10 -25 15 0
-16 -21 12 0
-19 -6 -3 0
-16 -6 15 0
18 -5 -19 0
24 -6 23 0
7 4 -25 0
-24 -15 5 0
-14 -10 -25 0
19 4 -9 0
-13 -18 14 0
13 -18 22 0
9 -1 -9 0
10 12 6 0
-3 -5 -19 0
-8 -6 12 0
-22 -2 6 0
-16 9 22 0
-15 22 6 0
-23 -3 17 0
12 5 -25 0
-6 -21 -1 0
-8 -25 23 0
-24 3 -9 0
-7 -15 -2 0
-24 -16 -20 0
8 -3 6 0
-23 20 5 0
2 23 15 0
-24 -7 -4 0
-8 -21 15 0
-24 1 21 0
-20 -1 -17 0
-11 5 17 0
-15 14 -17 0
-6 -4 23 0
24 19 -10 0
-24 18 -2 0
20 -3 -17 0
-23 -12 23 0
5 21 -18 0
-13 12 -1 0
18 -13 -1 0
-8 -18 7 0
16 3 13 0
-22 14 -2 0
16 25 -7 0
-23 -20 -4 0
1 7 15 0
-22 4 14 0
-23 21 -2 0
-22 -5 -2 0
25 7 -9 0
-3 -2 15 0
-8 -14 -9 0