10 34 19 0
-32 27 22 0
-32 15 23 0
1 -23 22 0
-40 34 -27 0
-7 10 39 0
40 -43 -18 0
-24 17 -9 0
9 44 -18 0
11 -13 -37 0
-21 5 22 0
26 29 -19 0
24 32 19 0
17 3 37 0
-47 -12 -42 0
-38 37 7 0
41 -38 -13 0
-13 44 38 0
-16 49 11 0
-15 5 31 0
34 -13 -37 0
35 -12 -19 0
16 17 -31 0
-20 -3 -41 0
25 28 39 0
8 -22 29 0
-8 35 29 0
-29 36 -1 0
48 -3 39 0
50 -28 -18 0
29 5 46 0
-16 -46 -20 0
35 -35 -50 0
-40 46 47 0
26 -35 31 0
35 19 -1 0
18 43 -18 0
-6 11 5 0
16 17 28 0
8 26 -2 0
-46 -38 35 0
48 -39 -47 0
41 36 47 0
-46 -43 -10 0
48 -24 13 0
-38 34 10 0
26 -29 -19 0
10 -28 6 0
-24 48 7 0
3 37 -10 0
-31 18 39 0
-38 -13 46 0
8 -5 23 0
-15 -46 -22 0
-39 -12 -11 0
17 -14 33 0
48 -22 -36 0
-22 -13 45 0
38 19 14 0
-8 -30 11 0
-24 -39 31 0
44 37 6 0
32 3 23 0
-8 -21 14 0
27 -32 11 0
-32 -16 20 0
41 18 13 0
32 26 -50 0
-32 41 -46 0
13 5 14 0
26 -43 -9 0
-15 42 18 0
-45 -34 -25 0
8 12 -41 0
-48 39 31 0
-6 35 -9 0
-23 28 -1 0
-30 -44 37 0
-29 -3 -49 0
16 -34 7 0
34 -43 31 0
-37 12 -27 0
-13 -1 -49 0
26 42 -17 0
40 -44 20 0
-47 -11 38 0
3 -2 -26 0
-29 45 30 0
-20 -43 6 0
9 35 -31 0
-16 -31 29 0
-32 -31 46 0
16 -11 21 0
-40 33 -43 0
-7 11 21 0
32 -38 -27 0
9 -20 46 0
-22 -2 -1 0
48 10 36 0
16 -37 39 0
-38 46 -10 0
-31 14 -17 0
35 36 -9 0
-40 -29 -2 0
8 -7 37 0
17 21 13 0
9 18 45 0
24 -38 31 0
34 31 -49 0
-19 -10 -25 0
35 4 23 0
-40 -1 7 0
-39 -38 43 0
-47 10 -19 0
-6 -13 -25 0
44 15 39 0
-29 -34 38 0
-48 -39 46 0
40 32 14 0
2 -20 -43 0
32 48 20 0
42 -29 7 0
41 -34 23 0
-15 -21 28 0
40 -14 -48 0
-8 49 -5 0
8 35 -42 0
-7 -28 6 0
-46 -17 39 0
34 -45 -3 0
32 -38 11 0
-47 -22 -11 0
25 -46 22 0
-23 30 -18 0
-38 -45 12 0
-32 32 -3 0
9 -29 -49 0
33 2 -22 0
-39 30 7 0
-32 -47 -36 0
-8 35 44 0
-39 -45 6 0
33 35 7 0
24 -37 -19 0
-48 -28 -10 0
27 3 -42 0
37 -42 7 0
-16 35 -49 0
-24 -31 4 0
3 -11 39 0
32 49 -35 0
-8 6 47 0
24 2 12 0
24 -38 -22 0
-24 -35 -18 0
-23 30 -2 0
-38 2 12 0
26 6 23 0
8 -36 39 0
-7 -5 35 0
-49 -2 30 0
25 10 12 0
-8 33 -35 0
-16 -11 15 0
-30 -9 39 0
9 -11 15 0
-48 19 -43 0
16 -32 -13 0
2 31 15 0
-39 26 -23 0
-48 24 -16 0
18 -30 -42 0
-48 -15 -50 0
8 -21 -37 0
49 37 -50 0
48 -23 -48 0
-44 14 -25 0
-32 -46 18 0
41 -36 25 0
18 13 -42 0
8 32 7 0
40 35 -10 0
-16 10 -37 0
-39 -47 -34 0
2 -6 42 0
-23 44 15 0
-48 -29 -2 0
-39 -2 -49 0
41 -14 -35 0
41 42 13 0
41 -44 47 0
1 19 39 0
-47 18 3 0
-47 -44 -34 0
-48 21 -33 0
-30 -29 -2 0
49 -4 6 0
38 20 14 0
25 27 -49 0
-31 2 -30 0
2 -29 -33 0
2 -44 14 0
19 45 -10 0
25 -3 -17 0
-5 -44 -21 0
50 -21 5 0
1 -47 20 0
-16 45 29 0
16 -36 -41 0
-8 -36 -18 0
1 -30 -10 0
40 16 -33 0
-7 -22 -10 0
-29 4 23 0
40 19 35 0
-24 26 -33 0
-6 -43 -17 0
2 -29 -36 0
-16 24 16 0
-46 -4 -26 0
-49 -1 -9 0
17 -36 -15 0
-48 -4 6 0
10 43 -9 0
40 -6 13 0
-16 -15 -6 0
-14 -28 14 0
-24 2 -11 0
-48 5 -33 0
-48 12 -18 0
-7 -12 31 0
25 -2 49 0
27 -4 -11 0
1 -1 -49 0
18 -11 -17 0
-19 -10 -33 0
-21 -3 31 0
8 28 -4 0
17 14 -49 0
35 -28 44 0
33 10 -7 0
-23 42 2 0
-16 44 -26 0
17 -28 44 0
24 42 39 0
48 -29 7 0
11 -37 39 0
-8 49 -48 0
-30 31 -25 0
-43 -2 31 0
7 -2 -1 0
40 -36 -1 0
-5 5 -50 0
10 14 15 0
-16 -46 -43 0
41 10 15 0
1 -46 11 0
3 11 21 0
-22 18 13 0
42 43 -49 0
-47 -29 -39 0
-15 -29 31 0
-8 41 39 0
-15 34 23 0
-30 -20 37 0
32 -14 -49 0
-24 29 23 0
32 22 -25 0
-16 -46 -13 0
15 22 -33 0
-20 -34 -25 0
1 31 -17 0
19 13 -26 0
-46 12 13 0
1 -30 -2 0
-32 -31 -25 0
-21 5 14 0
24 25 13 0
-24 -50 -33 0
27 5 -25 0
27 42 11 0
-28 -2 -17 0
32 50 -34 0
16 1 -35 0
34 -19 -41 0
17 -12 -10 0
-13 45 7 0
-8 32 -26 0
-48 -29 21 0
43 -29 39 0
32 37 -49 0
41 50 26 0
17 -14 5 0
9 45 14 0
27 -21 -19 0
16 -23 -34 0
17 -12 6 0
-14 -50 31 0
19 -12 13 0
40 -39 -38 0